3333 3820 3599 3256 3377 3005 3202 3262 3315 3738 3810 3546
298 376 360 277 338 304 333 303 323 344 371 351
5096 5693 5270 4836 5174 4382 4783 5154 5199 5925 5511 5189
326 347 347 311 318 299 322 305 331 357 382 357
1523 1661 1470 1326 1393 1239 1253 1411 1510 1693 1481 1418
1666 1888 1734 1582 1690 1475 1623 1680 1712 1897 2009 1752
1576 1701 1679 1455 1528 1352 1472 1572 1659 1821 1763 1586
3178 3537 3306 3039 3236 2844 3065 3173 3278 3813 3426 3339
3447 3799 3478 3293 3394 2929 3131 3323 3394 4163 3718 3396
956 988 923 823 861 796 887 889 923 1208 1023 916
