0 0 0 0 0 0 1 0 0 3 1 1 12 51 58 65 104 489 884 1664 2510 3479 2737 4099 3935 4341 5995 9034 1800
1 0 0 0 0 1 0 0 0 0 0 0 0 7 12 12 25 72 95 165 224 315 282 381 383 427 590 827 159
1 0 0 0 1 0 2 0 2 2 1 2 14 51 95 164 260 882 1858 2938 4239 5676 4663 6311 5783 6031 8116 12618 2502
0 0 0 0 0 0 0 0 0 0 0 0 1 3 3 4 13 46 91 210 306 387 284 424 362 411 583 734 140
0 0 0 0 2 0 1 0 4 1 2 1 9 25 39 62 91 291 512 626 873 1230 1181 1639 1638 1826 2614 3893 818
0 0 0 0 0 0 0 0 0 1 1 2 15 33 34 43 83 282 499 864 1228 1623 1375 2027 1951 2130 3036 4557 924
0 0 0 0 1 0 1 1 2 5 2 3 18 49 68 76 123 338 582 790 1133 1360 1234 1807 1804 1985 2817 4170 795
1 0 1 0 1 1 1 1 3 3 6 4 25 48 101 180 235 671 1146 1877 2673 3240 2715 3925 3756 3931 5447 7758 1484
0 0 0 0 1 1 0 0 2 0 3 2 19 46 68 139 195 721 1158 1722 2513 3091 2764 4041 4127 4406 5962 8817 1667
0 0 0 0 0 0 0 0 1 0 1 2 3 5 14 35 52 121 159 255 335 392 418 1061 1433 1536 2052 2846 472
